function A = Tx(d)
A = [1 0 0 d; 0 1 0 0; 0 0 1 0; 0 0 0 1];